{
    "config": {
        "run_name": "ATLAS-ctg-ctp",
        "data": {
            "observable": "$m_{t\\bar{t}}$",
            "bins": [
                0,
                1,
                2,
                3,
                4,
                5,
                6,
                7,
                8,
                9,
                10,
                11,
                12,
                13,
                14,
                15
            ],
            "central_values": [
                0.01649018,
                0.01277912,
                0.0001372899,
                0.002920043,
                0.005736718,
                0.003607838,
                5.977873e-05,
                0.0005113179,
                0.0009382403,
                0.0007680207,
                0.0004599933,
                2.403029e-05,
                5.149752e-05,
                5.257312e-05,
                1.114324e-05
            ],
            "covariance_matrix": [
                [
                    3.640816e-06,
                    2e-06,
                    1.977469e-08,
                    5.714286e-07,
                    9.888571e-07,
                    5.428571e-07,
                    5.671429e-09,
                    9.392381e-08,
                    1.533333e-07,
                    1.104952e-07,
                    6.48381e-08,
                    2.899048e-09,
                    8.502857e-09,
                    8.337143e-09,
                    1.388e-09
                ],
                [
                    2e-06,
                    1.409959e-06,
                    1.319184e-08,
                    3.62e-07,
                    6.354286e-07,
                    3.254286e-07,
                    4.011429e-09,
                    6.07619e-08,
                    1.042667e-07,
                    7.055238e-08,
                    3.384762e-08,
                    1.618286e-09,
                    5.92e-09,
                    5.103429e-09,
                    9.074286e-10
                ],
                [
                    1.977469e-08,
                    1.319184e-08,
                    1.382204e-10,
                    3.337143e-09,
                    6.262857e-09,
                    3.585714e-09,
                    4.062857e-11,
                    5.502857e-10,
                    9.662857e-10,
                    7.28381e-10,
                    3.830476e-10,
                    1.869714e-11,
                    5.475429e-11,
                    5.498857e-11,
                    9.645714e-12
                ],
                [
                    5.714286e-07,
                    3.62e-07,
                    3.337143e-09,
                    1.06675e-07,
                    1.705e-07,
                    8.3425e-08,
                    9.8825e-10,
                    1.791667e-08,
                    2.875e-08,
                    1.83e-08,
                    9.34e-09,
                    4.158333e-10,
                    1.646e-09,
                    1.337e-09,
                    2.279e-10
                ],
                [
                    9.888571e-07,
                    6.354286e-07,
                    6.262857e-09,
                    1.705e-07,
                    3.075e-07,
                    1.6345e-07,
                    1.8105e-09,
                    2.81e-08,
                    4.861667e-08,
                    3.416667e-08,
                    1.79e-08,
                    8.211667e-10,
                    2.705e-09,
                    2.533e-09,
                    4.3635e-10
                ],
                [
                    5.428571e-07,
                    3.254286e-07,
                    3.585714e-09,
                    8.3425e-08,
                    1.6345e-07,
                    1.02575e-07,
                    1.03725e-09,
                    1.325e-08,
                    2.341667e-08,
                    1.988333e-08,
                    1.158167e-08,
                    5.438333e-10,
                    1.3065e-09,
                    1.545e-09,
                    2.6125e-10
                ],
                [
                    5.671429e-09,
                    4.011429e-09,
                    4.062857e-11,
                    9.8825e-10,
                    1.8105e-09,
                    1.03725e-09,
                    1.68825e-11,
                    1.715e-10,
                    2.943333e-10,
                    2.133333e-10,
                    1.222667e-10,
                    7.038333e-12,
                    1.617e-11,
                    1.5105e-11,
                    3.261e-12
                ],
                [
                    9.392381e-08,
                    6.07619e-08,
                    5.502857e-10,
                    1.791667e-08,
                    2.81e-08,
                    1.325e-08,
                    1.715e-10,
                    3.605556e-09,
                    5.152222e-09,
                    2.962222e-09,
                    1.478889e-09,
                    6.976667e-11,
                    3.178e-10,
                    2.226e-10,
                    3.793333e-11
                ],
                [
                    1.533333e-07,
                    1.042667e-07,
                    9.662857e-10,
                    2.875e-08,
                    4.861667e-08,
                    2.341667e-08,
                    2.943333e-10,
                    5.152222e-09,
                    9.408889e-09,
                    5.253333e-09,
                    2.56e-09,
                    1.168889e-10,
                    5.103333e-10,
                    3.82e-10,
                    6.636667e-11
                ],
                [
                    1.104952e-07,
                    7.055238e-08,
                    7.28381e-10,
                    1.83e-08,
                    3.416667e-08,
                    1.988333e-08,
                    2.133333e-10,
                    2.962222e-09,
                    5.253333e-09,
                    4.212222e-09,
                    2.266667e-09,
                    1.017333e-10,
                    2.981333e-10,
                    3.108333e-10,
                    5.24e-11
                ],
                [
                    6.48381e-08,
                    3.384762e-08,
                    3.830476e-10,
                    9.34e-09,
                    1.79e-08,
                    1.158167e-08,
                    1.222667e-10,
                    1.478889e-09,
                    2.56e-09,
                    2.266667e-09,
                    1.705556e-09,
                    6.804444e-11,
                    1.348e-10,
                    1.72e-10,
                    2.963333e-11
                ],
                [
                    2.899048e-09,
                    1.618286e-09,
                    1.869714e-11,
                    4.158333e-10,
                    8.211667e-10,
                    5.438333e-10,
                    7.038333e-12,
                    6.976667e-11,
                    1.168889e-10,
                    1.017333e-10,
                    6.804444e-11,
                    5.01e-12,
                    6.26e-12,
                    7.58e-12,
                    1.642667e-12
                ],
                [
                    8.502857e-09,
                    5.92e-09,
                    5.475429e-11,
                    1.646e-09,
                    2.705e-09,
                    1.3065e-09,
                    1.617e-11,
                    3.178e-10,
                    5.103333e-10,
                    2.981333e-10,
                    1.348e-10,
                    6.26e-12,
                    4.114e-11,
                    2.481e-11,
                    3.637e-12
                ],
                [
                    8.337143e-09,
                    5.103429e-09,
                    5.498857e-11,
                    1.337e-09,
                    2.533e-09,
                    1.545e-09,
                    1.5105e-11,
                    2.226e-10,
                    3.82e-10,
                    3.108333e-10,
                    1.72e-10,
                    7.58e-12,
                    2.481e-11,
                    2.853e-11,
                    3.865e-12
                ],
                [
                    1.388e-09,
                    9.074286e-10,
                    9.645714e-12,
                    2.279e-10,
                    4.3635e-10,
                    2.6125e-10,
                    3.261e-12,
                    3.793333e-11,
                    6.636667e-11,
                    5.24e-11,
                    2.963333e-11,
                    1.642667e-12,
                    3.637e-12,
                    3.865e-12,
                    8.865e-13
                ]
            ]
        },
        "model": {
            "input": "numpy",
            "samples": [
                [
                    1,
                    -2.0,
                    -2.0
                ],
                [
                    1,
                    -2.0,
                    0.0001
                ],
                [
                    1,
                    -2.0,
                    2.0
                ],
                [
                    1,
                    0.0001,
                    -2.0
                ],
                [
                    1,
                    0.0001,
                    0.0001
                ],
                [
                    1,
                    0.0001,
                    2.0
                ],
                [
                    1,
                    2.0,
                    -2.0
                ],
                [
                    1,
                    2.0,
                    0.0001
                ],
                [
                    1,
                    2.0,
                    2.0
                ]
            ],
            "predictions": [
                [
                    0.008658545704073428,
                    0.008079388482784606,
                    0.00013693200484740504,
                    0.0016073843350012955,
                    0.0038507011877319253,
                    0.0028245850559171235,
                    3.376679295707423e-05,
                    0.00031380283288239826,
                    0.0005205238119078033,
                    0.0005336555193584204,
                    0.00041122173974313537,
                    2.8100762174013313e-05,
                    3.927538513879341e-05,
                    2.8643357389469368e-05,
                    1.1263146864101311e-05
                ],
                [
                    0.033351275428688765,
                    0.02503867671628776,
                    0.0004236696572592569,
                    0.004610608073756072,
                    0.011126159723441303,
                    0.008178370603104631,
                    9.504458472931758e-05,
                    0.0008437347178954371,
                    0.0015677663080194031,
                    0.0013582022562744745,
                    0.0010021335686499042,
                    5.850423111472048e-05,
                    9.545270763734054e-05,
                    9.66649058097438e-05,
                    2.4680345330911122e-05
                ],
                [
                    0.03339011886224619,
                    0.025186174024558475,
                    0.0003082770971714637,
                    0.005045716384080543,
                    0.010561593133923677,
                    0.00817768250152188,
                    9.094202770203447e-05,
                    0.0009617730433857903,
                    0.0014249253505466725,
                    0.0014020926240309755,
                    0.0011097595965178723,
                    5.9502626257583295e-05,
                    0.00010642546141587248,
                    8.365046903698678e-05,
                    2.3793986356406004e-05
                ],
                [
                    0.008510686001660746,
                    0.00789831843093832,
                    0.00015249676134502252,
                    0.0015200562032540034,
                    0.0038694551757183725,
                    0.0029110372292574147,
                    3.239597164847584e-05,
                    0.0003007491864808449,
                    0.0005930063708180103,
                    0.0005050336375221933,
                    0.00042596973969189584,
                    2.8183996789416467e-05,
                    3.2132620467860586e-05,
                    3.967080439393718e-05,
                    1.0609609609136609e-05
                ],
                [
                    0.017412738239802297,
                    0.013605042173240989,
                    0.0002302347340738322,
                    0.0028137002183597467,
                    0.006418785828283376,
                    0.004233676122302671,
                    4.6097787722798024e-05,
                    0.0004711015721282893,
                    0.0008377398292274794,
                    0.0007629244350776732,
                    0.00048076009635491347,
                    2.239448613591534e-05,
                    6.193498857558778e-05,
                    4.874085979138247e-05,
                    1.0000094523328642e-05
                ],
                [
                    0.03315303018391566,
                    0.02546357882379549,
                    0.00022272627965722516,
                    0.004912735795137577,
                    0.010711383776794644,
                    0.00807078446690556,
                    9.031108506116643e-05,
                    0.000917175289715897,
                    0.0014224134793782471,
                    0.001381314439480704,
                    0.001076297273955758,
                    5.8944740980764035e-05,
                    8.516044105365468e-05,
                    8.634999761147446e-05,
                    2.4615596268971437e-05
                ],
                [
                    0.008652860989281492,
                    0.007961702087020735,
                    5.853065276658375e-05,
                    0.0015812515956371506,
                    0.003781890469236432,
                    0.0028811708621955864,
                    3.380997527683959e-05,
                    0.00028034584200469236,
                    0.0005098427842638575,
                    0.0005290770838970504,
                    0.00039248324624708566,
                    2.6489230475796373e-05,
                    3.381453180333661e-05,
                    3.5598274486656474e-05,
                    1.0799223535131751e-05
                ],
                [
                    0.01755735901920351,
                    0.013799104905133752,
                    0.000181861669039061,
                    0.002772916724212223,
                    0.00647092249391215,
                    0.004235952448817055,
                    4.8957015286051e-05,
                    0.000546384313027483,
                    0.0008953980768535786,
                    0.0007078233293680537,
                    0.0005271143668183906,
                    2.1365757674303594e-05,
                    7.519977821728751e-05,
                    4.7406873845690645e-05,
                    9.494086991124418e-06
                ],
                [
                    0.03308594049575025,
                    0.025547798905396255,
                    0.00038639783452229965,
                    0.0046446283956405295,
                    0.011152946589901928,
                    0.00804661666938696,
                    9.688526754089496e-05,
                    0.0009462422257061846,
                    0.0014693198474100176,
                    0.0013838119198508459,
                    0.0011355842538683398,
                    5.453009130246373e-05,
                    0.00010305004714173417,
                    8.974227168084207e-05,
                    2.2879421875317563e-05
                ]
            ],
            "prior_limits": {
                "c_{tG}": [
                    -5.0,
                    5.0
                ],
                "c_{t\\phi}": [
                    -5.0,
                    5.0
                ]
            },
            "inclusive_k_factor": 1.0
        },
        "fit": {
            "n_burnin": 500,
            "n_total": 20000,
            "n_walkers": 10
        }
    }
}