{
    "config": {
        "run_name": "ATLAS-ctg-ctq8",
        "data": {
            "observable": "$p_{t}^{T}$",
            "bins": [
                0,
                1,
                2,
                3,
                4,
                5,
                6,
                7,
                8,
                9,
                10,
                11,
                12,
                13,
                14,
                15
            ],
            "central_values": [
                0.01649018,
                0.01277912,
                0.0001372899,
                0.002920043,
                0.005736718,
                0.003607838,
                5.977873e-05,
                0.0005113179,
                0.0009382403,
                0.0007680207,
                0.0004599933,
                2.403029e-05,
                5.149752e-05,
                5.257312e-05,
                1.114324e-05
            ],
            "covariance_matrix": [
                [
                    3.640816e-06,
                    2e-06,
                    1.977469e-08,
                    5.714286e-07,
                    9.888571e-07,
                    5.428571e-07,
                    5.671429e-09,
                    9.392381e-08,
                    1.533333e-07,
                    1.104952e-07,
                    6.48381e-08,
                    2.899048e-09,
                    8.502857e-09,
                    8.337143e-09,
                    1.388e-09
                ],
                [
                    2e-06,
                    1.409959e-06,
                    1.319184e-08,
                    3.62e-07,
                    6.354286e-07,
                    3.254286e-07,
                    4.011429e-09,
                    6.07619e-08,
                    1.042667e-07,
                    7.055238e-08,
                    3.384762e-08,
                    1.618286e-09,
                    5.92e-09,
                    5.103429e-09,
                    9.074286e-10
                ],
                [
                    1.977469e-08,
                    1.319184e-08,
                    1.382204e-10,
                    3.337143e-09,
                    6.262857e-09,
                    3.585714e-09,
                    4.062857e-11,
                    5.502857e-10,
                    9.662857e-10,
                    7.28381e-10,
                    3.830476e-10,
                    1.869714e-11,
                    5.475429e-11,
                    5.498857e-11,
                    9.645714e-12
                ],
                [
                    5.714286e-07,
                    3.62e-07,
                    3.337143e-09,
                    1.06675e-07,
                    1.705e-07,
                    8.3425e-08,
                    9.8825e-10,
                    1.791667e-08,
                    2.875e-08,
                    1.83e-08,
                    9.34e-09,
                    4.158333e-10,
                    1.646e-09,
                    1.337e-09,
                    2.279e-10
                ],
                [
                    9.888571e-07,
                    6.354286e-07,
                    6.262857e-09,
                    1.705e-07,
                    3.075e-07,
                    1.6345e-07,
                    1.8105e-09,
                    2.81e-08,
                    4.861667e-08,
                    3.416667e-08,
                    1.79e-08,
                    8.211667e-10,
                    2.705e-09,
                    2.533e-09,
                    4.3635e-10
                ],
                [
                    5.428571e-07,
                    3.254286e-07,
                    3.585714e-09,
                    8.3425e-08,
                    1.6345e-07,
                    1.02575e-07,
                    1.03725e-09,
                    1.325e-08,
                    2.341667e-08,
                    1.988333e-08,
                    1.158167e-08,
                    5.438333e-10,
                    1.3065e-09,
                    1.545e-09,
                    2.6125e-10
                ],
                [
                    5.671429e-09,
                    4.011429e-09,
                    4.062857e-11,
                    9.8825e-10,
                    1.8105e-09,
                    1.03725e-09,
                    1.68825e-11,
                    1.715e-10,
                    2.943333e-10,
                    2.133333e-10,
                    1.222667e-10,
                    7.038333e-12,
                    1.617e-11,
                    1.5105e-11,
                    3.261e-12
                ],
                [
                    9.392381e-08,
                    6.07619e-08,
                    5.502857e-10,
                    1.791667e-08,
                    2.81e-08,
                    1.325e-08,
                    1.715e-10,
                    3.605556e-09,
                    5.152222e-09,
                    2.962222e-09,
                    1.478889e-09,
                    6.976667e-11,
                    3.178e-10,
                    2.226e-10,
                    3.793333e-11
                ],
                [
                    1.533333e-07,
                    1.042667e-07,
                    9.662857e-10,
                    2.875e-08,
                    4.861667e-08,
                    2.341667e-08,
                    2.943333e-10,
                    5.152222e-09,
                    9.408889e-09,
                    5.253333e-09,
                    2.56e-09,
                    1.168889e-10,
                    5.103333e-10,
                    3.82e-10,
                    6.636667e-11
                ],
                [
                    1.104952e-07,
                    7.055238e-08,
                    7.28381e-10,
                    1.83e-08,
                    3.416667e-08,
                    1.988333e-08,
                    2.133333e-10,
                    2.962222e-09,
                    5.253333e-09,
                    4.212222e-09,
                    2.266667e-09,
                    1.017333e-10,
                    2.981333e-10,
                    3.108333e-10,
                    5.24e-11
                ],
                [
                    6.48381e-08,
                    3.384762e-08,
                    3.830476e-10,
                    9.34e-09,
                    1.79e-08,
                    1.158167e-08,
                    1.222667e-10,
                    1.478889e-09,
                    2.56e-09,
                    2.266667e-09,
                    1.705556e-09,
                    6.804444e-11,
                    1.348e-10,
                    1.72e-10,
                    2.963333e-11
                ],
                [
                    2.899048e-09,
                    1.618286e-09,
                    1.869714e-11,
                    4.158333e-10,
                    8.211667e-10,
                    5.438333e-10,
                    7.038333e-12,
                    6.976667e-11,
                    1.168889e-10,
                    1.017333e-10,
                    6.804444e-11,
                    5.01e-12,
                    6.26e-12,
                    7.58e-12,
                    1.642667e-12
                ],
                [
                    8.502857e-09,
                    5.92e-09,
                    5.475429e-11,
                    1.646e-09,
                    2.705e-09,
                    1.3065e-09,
                    1.617e-11,
                    3.178e-10,
                    5.103333e-10,
                    2.981333e-10,
                    1.348e-10,
                    6.26e-12,
                    4.114e-11,
                    2.481e-11,
                    3.637e-12
                ],
                [
                    8.337143e-09,
                    5.103429e-09,
                    5.498857e-11,
                    1.337e-09,
                    2.533e-09,
                    1.545e-09,
                    1.5105e-11,
                    2.226e-10,
                    3.82e-10,
                    3.108333e-10,
                    1.72e-10,
                    7.58e-12,
                    2.481e-11,
                    2.853e-11,
                    3.865e-12
                ],
                [
                    1.388e-09,
                    9.074286e-10,
                    9.645714e-12,
                    2.279e-10,
                    4.3635e-10,
                    2.6125e-10,
                    3.261e-12,
                    3.793333e-11,
                    6.636667e-11,
                    5.24e-11,
                    2.963333e-11,
                    1.642667e-12,
                    3.637e-12,
                    3.865e-12,
                    8.865e-13
                ]
            ]
        },
        "model": {
            "input": "numpy",
            "samples": [
                [
                    1,
                    -2.0,
                    -2.0
                ],
                [
                    1,
                    -2.0,
                    0.0
                ],
                [
                    1,
                    -2.0,
                    2.0
                ],
                [
                    1,
                    0.0,
                    -2.0
                ],
                [
                    1,
                    0.0,
                    0.0
                ],
                [
                    1,
                    0.0,
                    2.0
                ],
                [
                    1,
                    2.0,
                    -2.0
                ],
                [
                    1,
                    2.0,
                    0.0
                ],
                [
                    1,
                    2.0,
                    2.0
                ]
            ],
            "predictions": [
                [
                    0.007291949054928716,
                    0.006595207506392178,
                    8.732070945880247e-05,
                    0.0013260031942560792,
                    0.003336928002363617,
                    0.0023386901209668945,
                    2.9124112889587748e-05,
                    0.0002165668850341797,
                    0.0005423802931276194,
                    0.00045376570472778174,
                    0.0003216271776330195,
                    3.286111980186811e-05,
                    1.8462679868067423e-05,
                    3.951341578298095e-05,
                    1.1968667273810401e-05
                ],
                [
                    0.007484813430373854,
                    0.006802502046639259,
                    8.862320149073555e-05,
                    0.0012528626013871898,
                    0.0033895495281502006,
                    0.002397764812968926,
                    2.8286573360813414e-05,
                    0.00021144052566696335,
                    0.0005667294666841517,
                    0.0004658553498739404,
                    0.0003409552672076811,
                    2.460305718450851e-05,
                    1.8314754897544426e-05,
                    3.721195152869676e-05,
                    9.478001272628538e-06
                ],
                [
                    0.007617760187247449,
                    0.006982376533956243,
                    8.115103239603702e-05,
                    0.0013654001895584897,
                    0.00346506169566645,
                    0.002486831904528033,
                    2.893825817370497e-05,
                    0.00020594432699728394,
                    0.0005630705270957529,
                    0.0004954540632283884,
                    0.0003835538982113506,
                    4.317675354347057e-05,
                    2.0426346440462463e-05,
                    4.216256815501749e-05,
                    1.5491885196362212e-05
                ],
                [
                    0.01490471687747189,
                    0.011317298903090207,
                    9.713283894159883e-05,
                    0.0023712598267677963,
                    0.005572412735714172,
                    0.0033984394669326783,
                    3.2657526353912166e-05,
                    0.00033293886966232427,
                    0.0009457719219786339,
                    0.0006630253053052723,
                    0.00039601894777285585,
                    2.5200450409916713e-05,
                    2.908602405751241e-05,
                    5.267917122398631e-05,
                    1.0254104493111387e-05
                ],
                [
                    0.015034006517822709,
                    0.011592443589138114,
                    7.155976697965212e-05,
                    0.002267800502851867,
                    0.005684772812810947,
                    0.0035263982831614145,
                    3.657068116658092e-05,
                    0.00034895128477088446,
                    0.0009412826413005095,
                    0.0006781365932815857,
                    0.0004407647921246318,
                    2.0238631855602916e-05,
                    3.1490637996004915e-05,
                    4.7838995785467645e-05,
                    8.579948340168037e-06
                ],
                [
                    0.015256023208459696,
                    0.011861878374859145,
                    0.00010063220510156255,
                    0.002362114975756435,
                    0.005693914885191419,
                    0.003734099506909937,
                    4.028307808744379e-05,
                    0.00034704058737901805,
                    0.0009605811813723213,
                    0.0007405584474826247,
                    0.0004867850856668624,
                    4.0475449122001e-05,
                    3.7684677862970684e-05,
                    5.4851865641973454e-05,
                    1.5443216618780904e-05
                ],
                [
                    0.02815673684495331,
                    0.021101886075983657,
                    0.0001472068458481457,
                    0.004046519562616711,
                    0.009715414540137727,
                    0.00668779905657396,
                    8.151713678297815e-05,
                    0.0005566852873630973,
                    0.001568984912164092,
                    0.0011793127403166906,
                    0.0008424381092434857,
                    5.6095852296955665e-05,
                    5.3132462897355096e-05,
                    9.397719032623795e-05,
                    2.1953997440316093e-05
                ],
                [
                    0.02846784662229418,
                    0.02159150357201443,
                    0.00021458236574105048,
                    0.003998292333665217,
                    0.009817890516243906,
                    0.006823638199931997,
                    7.84591925581394e-05,
                    0.0005756504566627932,
                    0.0015690076716945711,
                    0.001219467957295932,
                    0.0008734802497497922,
                    5.42996014602365e-05,
                    4.8145651672834104e-05,
                    9.385746314463935e-05,
                    2.1385717851446244e-05
                ],
                [
                    0.02913654070284196,
                    0.021755673011484775,
                    0.00026205064481831116,
                    0.003936232566319666,
                    0.00987329727341606,
                    0.007032209853443786,
                    8.763897386428911e-05,
                    0.0005619553499431384,
                    0.0015301152315795985,
                    0.0012419845301136578,
                    0.0009896713619203144,
                    8.087220339859366e-05,
                    5.0311094094854365e-05,
                    0.00010213642632847872,
                    2.973857597072048e-05
                ]
            ],
            "prior_limits": {
                "c_{tG}": [
                    -5.0,
                    5.0
                ],
                "c_{tq}^{8}": [
                    -5.0,
                    5.0
                ]
            },
            "inclusive_k_factor": 1
        },
        "fit": {
            "n_burnin": 1000,
            "n_total": 20000,
            "n_walkers": 10
        }
    }
}